time,x,y,z,phi,theta,psi,x_velocity,y_velocity,z_velocity,phi_velocity,theta_velocity,psi_velocity,rotor_speed1,rotor_speed2,rotor_speed3,rotor_speed4
0.06,-2.00846043209e-06,1.02921483306e-05,10.0026700066,0.00244056609835,0.000657839196677,0.0,-0.000125186426555,0.000606481978566,0.0889964832659,-0.0183553744564,0.00776557535177,0.0,432.89052571441397,433.543319786609,434.34299811633764,432.8012222473615
0.12000000000000001,-2.56891617357e-05,9.52623975032e-05,10.012014729,0.00133594159077,0.00111243797794,0.0,-0.000714372350982,0.00211003332074,0.222477115926,-0.0205771527969,0.00628336053104,0.0,447.72418161796406,447.60348226147073,447.25525277730475,447.0743435963595
0.18,-0.000102719374212,0.000298075194587,10.0296633226,0.0122308648961,0.00375331980297,0.0,-0.0021229677194,0.005874534734,0.365766891791,-0.0599478130173,0.0216092617587,0.0,448.96416738588647,450.2056014238703,453.0001055466859,449.82305964815833
0.23999999999999996,-0.000313435340062,0.000898395352802,10.0547997635,0.0101401749771,0.00509037893967,0.0,-0.00503704727503,0.0139356610912,0.47207764963,-0.074645697129,0.0229192799555,0.0,438.47245950087716,438.5812856257038,440.2286055430262,439.00777173271473
0.3,-0.00075321803479,0.00196503397455,10.090009063,0.00620888087601,0.00807139862349,0.0,-0.00996754606631,0.0211330630333,0.70145500729,-0.0676525545034,0.0356527142008,0.0,476.289799639571,477.2626441699352,475.88752658449715,476.41876957265305
0.36000000000000004,-0.00149577124511,0.00336074797728,10.1312607782,0.0130741278004,0.0107213381187,0.0,-0.0150121288196,0.0259929293555,0.673611894079,-0.105079690028,0.026532095576,0.0,394.5448736769276,393.7025792989149,397.17856727182993,393.7252996122911
0.4200000000000001,-0.00266468074823,0.0052088718613,10.1782515936,0.00675769336976,0.0124873604648,0.0,-0.0241682920556,0.0348549439714,0.89260890971,-0.106072386895,0.0206063415278,0.0,474.52452975557196,474.0695358123988,473.10027771969135,473.01486757574423
0.48000000000000015,-0.00440011561331,0.00742535002588,10.23653715,0.00041608015144,0.0138034704817,0.0,-0.0338283408784,0.0383295502007,1.05011256818,-0.109314949877,0.0160884965027,0.0,455.30327869160584,454.9416748592173,456.25780859613667,455.98912440758477
0.5400000000000001,-0.00674447269048,0.0097135581121,10.3043798273,6.27836668565,0.0148181904017,0.0,-0.0444257484794,0.0373783833153,1.2111508089,-0.123178432105,0.0176031025261,0.0,457.2755999768288,457.39613001159364,457.2072877810839,456.09032837383603
0.6000000000000002,-0.00972290193489,0.0118288392154,10.3800948326,6.27109015989,0.0165129298371,0.0,-0.0550190448235,0.0323931017251,1.31256368778,-0.128270723333,0.0252385605201,0.0,438.63369816580325,439.2672526795127,438.9737039343158,438.5365722431656
0.6600000000000003,-0.0133775542595,0.0134890402084,10.462201609,6.26351447392,0.0182315012031,0.0,-0.0669748019921,0.0221684032179,1.42418185317,-0.133460176373,0.0291326775957,0.0,442.8939942451966,443.21428241885627,441.8502611806491,441.40665541684393
0.7200000000000003,-0.0178136077692,0.0143549750834,10.5519849359,6.25569465802,0.0219990153503,0.0,-0.0813174780107,0.00585817985635,1.56838140173,-0.139557747986,0.012318916314,0.0,453.2491252483123,451.8960101977105,453.2722404178478,452.7654078310797
0.7800000000000004,-0.0231586460408,0.0141043243785,10.649343612,6.24893564804,0.0232802488752,0.0,-0.0969892405662,-0.0149193353045,1.67672976411,-0.126788078136,0.00296467353033,0.0,442.3083966150299,441.53729499112296,441.78905937182105,442.8236238097665
0.8400000000000004,-0.0294208901286,0.0125369336667,10.7512363119,6.24256704314,0.0237217752503,0.0,-0.11178810287,-0.0379305090247,1.71960559757,-0.115738031119,0.00751601019533,0.0,421.27667933572513,421.6699310936241,420.8599731796933,421.80059904501866
0.9000000000000005,-0.0365793900299,0.00949186102247,10.855130393,6.23588208226,0.028355688043,0.0,-0.12722935003,-0.0641699234276,1.74345595536,-0.12264496991,0.0287524278123,0.0,414.2440417771467,416.1071114883899,415.69045550953854,415.0712056090389
0.9600000000000005,-0.0449240588708,0.00444819064188,10.9666365741,6.22894363548,0.0314678478276,0.0,-0.151279162612,-0.10476408875,1.97299343966,-0.131048014267,0.0405092040464,0.0,478.9337296101754,479.8273566908101,479.9559952217498,479.30479556608293
1.0200000000000005,-0.0546431611344,-0.00289266202056,11.0867378897,6.22768582074,0.0405404065112,0.0,-0.173530965224,-0.140015126997,2.03024362809,-0.16042782932,0.0675663355828,0.0,425.588967465658,427.90014108452937,429.3855099290455,426.8665262633808
1.0800000000000005,-0.0659890215077,-0.0125409205611,11.2126692698,6.21848283877,0.0531398790111,0.0,-0.205976508523,-0.182570518072,2.16709251931,-0.154406348856,0.0984111357152,0.0,451.2948707174643,453.7823487282365,453.2989653770339,453.7593177276298
1.1400000000000006,-0.0794875337212,-0.0248843117635,11.3459814795,6.21043290785,0.0590806542981,0.0,-0.244576597406,-0.229702303947,2.27633365423,-0.143475727493,0.0996134971122,0.0,445.20121496222197,445.3079506781109,444.8013637634076,445.6742510793511
1.2000000000000006,-0.0955310737879,-0.0402715157982,11.4867137341,6.20703080672,0.0781237157561,0.0,-0.292203164702,-0.28356482721,2.41428076668,-0.119652335834,0.138028311834,0.0,454.11676614784403,457.19865834344324,453.167164077497,455.0615032834555
1.2600000000000007,-0.114672949681,-0.0588424112393,11.6339722697,6.20015559261,0.0873970401179,0.0,-0.346756059992,-0.336130884915,2.49401615432,-0.114695754879,0.147801766691,0.0,436.2535148084261,437.08776696554924,438.3158471185486,438.7148605511138
1.3200000000000007,-0.137651063721,-0.081027914105,11.7898695175,6.19430860644,0.102410214745,0.0,-0.420947208032,-0.404032222923,2.70182846526,-0.104688761378,0.119419067078,0.0,477.74908279097156,475.596557401114,478.19632210462333,478.94795964301227
1.3800000000000008,-0.165075154484,-0.107141631955,11.9550434571,6.18813114316,0.109661944452,0.0,-0.493904240801,-0.467029036221,2.80355138692,-0.102160475656,0.121658074595,0.0,446.4945478277895,446.6901165427542,446.9216340077556,447.1183327104311
1.4400000000000008,-0.197107520106,-0.137193202192,12.1269424294,6.18936500119,0.118854005732,0.0,-0.574762630693,-0.534488513279,2.92597213196,-0.133111154249,0.13557515399,0.0,453.3554035464425,454.48641932371595,455.6092529927295,453.1168939460147
1.5000000000000009,-0.233826464037,-0.171016638596,12.3031747343,6.18157889077,0.128263496774,0.0,-0.650038185458,-0.5936413587,2.94815912205,-0.139362707715,0.146801617105,0.0,421.4632137937206,422.4515560089934,424.2152922376284,423.66027162904754
1.560000000000001,-0.275849602921,-0.209015221792,12.485385669,6.17388829542,0.13709269469,0.0,-0.751672181477,-0.673792806387,3.12477294043,-0.131509206161,0.147594245132,0.0,472.5351295520631,472.61508456426503,471.8528528674232,472.44266168924406
1.620000000000001,-0.324439088218,-0.2522056366,12.6800164944,6.16602349572,0.145988220511,0.0,-0.86897490428,-0.76675278795,3.36189186297,-0.13058112537,0.143897917361,0.0,492.296979360815,492.04118420934606,491.25562281263393,491.310435608347
1.680000000000001,-0.380229492091,-0.301077946165,12.8881093044,6.15873378073,0.164445653348,0.0,-0.992836753538,-0.863050492819,3.57332275101,-0.139958817065,0.108342025296,0.0,487.9305405057423,485.28325853348076,486.66774750693725,485.9505064347232
1.740000000000001,-0.443469165376,-0.355597903112,13.106411019,6.1507981588,0.178625872001,0.0,-1.11655436113,-0.955036953022,3.70248904309,-0.133618438201,0.137522256404,0.0,463.3288903182838,465.6293957117505,463.68191631738745,464.1630505333535
1.8000000000000012,-0.513975226189,-0.415461738667,13.3299277463,6.14517027569,0.188959148152,0.0,-1.23460127184,-1.04088296995,3.74753034548,-0.15179430459,0.120469741201,0.0,439.56322800457235,438.1639541649352,440.77682959857003,439.253661823444
1.8600000000000012,-0.591482107336,-0.480388610822,13.5546923716,6.13824160763,0.197014228631,0.0,-1.3496495772,-1.12390566044,3.74427201364,-0.169210196494,0.129302347272,0.0,424.80057156654124,425.5719217047686,424.7187655406947,423.19736394899616
1.9200000000000013,-0.675983487175,-0.550381946688,13.7789061414,6.12838964593,0.207568148061,0.0,-1.46794835807,-1.210013352,3.7290945491,-0.164285908395,0.146457253518,0.0,420.7605512751288,422.2611473123565,421.13255043631875,421.52977661161924
1.9800000000000013,-0.76802657756,-0.625888324501,14.0033476276,6.12086115257,0.21747764401,0.0,-1.60101747021,-1.30747430463,3.75172066536,-0.182246574514,0.156922000013,0.0,435.1250315544637,436.02191910026454,435.5178528799617,433.9843031535012
2.0400000000000014,-0.868512372557,-0.707565358035,14.2302483207,6.11514841869,0.22935714928,0.0,-1.74957494087,-1.41557095704,3.81085355522,-0.158386034555,0.172958796917,0.0,447.59059662822597,448.9187593493639,447.74399718380755,449.6522886988615
2.1000000000000014,-0.979191958364,-0.796580481991,14.464976102,6.10875245447,0.240903442763,0.0,-1.94091409265,-1.55216095808,4.01192806726,-0.140240056871,0.159854130195,0.0,494.3909331337978,493.44849366961284,493.5696713822896,494.8878663603299
2.1600000000000015,-1.09996733939,-0.892767772782,14.705065316,6.10054465626,0.251316635181,0.0,-2.08581557483,-1.65472379817,3.99050013851,-0.136318982734,0.148649303261,0.0,427.04127250895743,426.1085257469525,426.23731453857386,426.5535274351369
2.2200000000000015,-1.23028150986,-0.995711610379,14.9463094027,6.09276055023,0.260747539042,0.0,-2.25881711227,-1.77737028147,4.05003404201,-0.130530871642,0.139518918883,0.0,455.0166090975958,454.3043313466034,454.59608947238524,455.0435100270545
2.2800000000000016,-1.37071543892,-1.10582678712,15.1893471147,6.08664034813,0.273427164116,0.0,-2.42336842416,-1.8935895768,4.05046417542,-0.117349769246,0.161087676754,0.0,436.5610961214663,438.37787303703567,436.6156553904867,437.6993396408321
2.3400000000000016,-1.52120663185,-1.22298397729,15.4321715852,6.08156479056,0.283287496319,0.0,-2.59383430077,-2.0120236079,4.04300678246,-0.10314617973,0.154901527914,0.0,437.3460488319048,436.8549104541308,434.99910415007196,436.1755029451674
2.4000000000000017,-1.68351707714,-1.34828129427,15.6791679634,6.07972566839,0.293543290941,0.0,-2.8174196439,-2.16450116593,4.18879806777,-0.127224813755,0.142890969894,0.0,487.4074822020113,486.5282133515333,488.4059451012675,486.5967633297648
2.4600000000000017,-1.8586164171,-1.4822126703,15.9320522233,6.07208969871,0.302154496899,0.0,-3.01991756786,-2.30045012893,4.23957894378,-0.127355928779,0.144133791808,0.0,460.92666762025533,461.04323909757136,459.72078675906084,459.69620878973944
2.520000000000002,-2.04539606229,-1.62399311336,16.1858094871,6.06522577234,0.315783163913,0.0,-3.20715335296,-2.42603038242,4.21807420125,-0.118823633713,0.167409680303,0.0,437.0035463348191,438.9618693550852,439.257153918376,439.9500087251748
2.580000000000002,-2.24518993168,-1.7744205194,16.4426796368,6.05914674721,0.330489847124,0.0,-3.45392924166,-2.58854523942,4.34238935652,-0.108733280823,0.142525421133,0.0,488.6174688523715,486.7801859411222,488.93808793974256,489.67879513537815
2.640000000000002,-2.46002945233,-1.93460031921,16.7066144119,6.06829426396,0.345198045721,0.0,-3.70861672505,-2.74961919777,4.4539865001,-0.0665515943028,0.168531819936,0.0,487.8320447856589,489.78967034018575,485.9717518241702,489.1169671973991
2.700000000000002,-2.68919504983,-2.10352091649,16.9736850397,6.06865960578,0.360459943954,0.0,-3.93142195615,-2.88086685707,4.44725701443,-0.0906529999736,0.192219202081,0.0,452.72313677314884,454.65471413940605,453.617729656381,451.67349735855674
2.760000000000002,-2.93255284761,-2.28062318714,17.2416391771,6.06532641868,0.372732477588,0.0,-4.18143308098,-3.02262171918,4.48310070108,-0.107796021835,0.181522216172,0.0,469.80141176351225,469.0036738213661,471.10488216550914,469.76983323084823
2.820000000000002,-3.19049777685,-2.46592431229,17.5099420943,6.05919549176,0.388096722466,0.0,-4.41785019547,-3.15439567259,4.45896797568,-0.115466803788,0.203519901854,0.0,452.5279043078945,454.32943900205345,453.4443708997137,452.8170771593241
2.880000000000002,-3.46217488265,-2.65883217689,17.7749219247,6.05239666339,0.401041591732,0.0,-4.63899290956,-3.2762689778,4.3727210473,-0.11255131593,0.211778113602,0.0,434.7531722399999,435.4875076095553,434.1813956521591,434.413965946539
2.940000000000002,-3.74795592683,-2.85946671288,18.0359889599,6.04894070815,0.415006781431,0.0,-4.88804916192,-3.41163563545,4.32822239177,-0.133679372773,0.198229104822,0.0,453.0872940150702,452.0378924636441,451.98163993411765,450.262537207372
3.000000000000002,-4.04944388066,-3.06850643973,18.2953613923,6.05703152103,0.429806443605,0.0,-5.1626184086,-3.55553304108,4.31623108314,-0.0908934479851,0.215740090686,0.0,465.62738289463516,467.0342932918712,463.7066861204243,467.04419145850403
3.0600000000000023,-4.36767197657,-3.28605597821,18.553859457,6.05767402953,0.442774577234,0.0,-5.44585732418,-3.69588893621,4.29887669926,-0.0650204485579,0.216610074321,0.0,466.67776670687266,466.7893418344503,466.5450390230362,468.5560928859944
3.1200000000000023,-4.7028117523,-3.51186026234,18.8104525,6.05387814149,0.459620309245,0.0,-5.72658313645,-3.83097720595,4.2524791784,-0.0624682871125,0.193883379478,0.0,461.211254060042,459.45379842115125,461.362075530968,461.5607435595509
3.1800000000000024,-5.05583942154,-3.74614819198,19.0654791256,6.05013380146,0.482528127894,0.0,-6.04243883987,-3.97851861934,4.24589830367,-0.0622932471611,0.229484416766,0.0,478.34007717965176,481.08237480064605,478.08628842834304,478.09712147774786
3.2400000000000024,-5.4259415573,-3.98832038399,19.3156589634,6.04949274713,0.496555846033,0.0,-6.29526121481,-4.09386689125,4.0924768359,-0.0828075426688,0.233982148415,0.0,430.8986993150625,431.3337403110329,433.44156891451587,431.7097576357603
3.3000000000000025,-5.81496175544,-4.23892485229,19.5627259206,6.04473968636,0.516432561695,0.0,-6.67313525454,-4.25948893907,4.13989619933,-0.0787842307229,0.206285791752,0.0,506.5536037840005,504.6010704204841,504.96801822980257,505.25374114915144
3.3600000000000025,-6.22442526052,-4.49843869216,19.8079145895,6.04225787127,0.528982369872,0.0,-6.97634477269,-4.39097972132,4.03151284847,-0.063526561289,0.209792107336,0.0,458.7066817241989,459.0259532747729,457.1855578819836,458.395919953534
3.4200000000000026,-6.65319597485,-4.76623434346,20.0478871857,6.03976637684,0.543024174718,0.0,-7.31664976783,-4.53541887749,3.96547874588,-0.0773702616482,0.221855521656,0.0,476.7915023721248,477.754160984285,478.11522141310485,477.0558606656155
3.4800000000000026,-7.10094929512,-5.04205239456,20.2809719274,6.03726996214,0.556340743985,0.0,-7.60922670101,-4.65855442961,3.80260741825,-0.0624791795569,0.219214523257,0.0,447.25500620287073,447.0878273130976,446.3454522396047,447.5554597207527
3.5400000000000027,-7.56566907329,-5.32496658815,20.5028436583,6.03796643576,0.571016787768,0.0,-7.88236922788,-4.7718394222,3.59203393212,-0.0868068198464,0.231585915107,0.0,431.085712195929,432.18123763760786,433.67766854019084,431.62467625112316
3.6000000000000028,-8.04670876464,-5.61457839341,20.7114663591,6.03275121453,0.585291681183,0.0,-8.15313932728,-4.88209532935,3.36083557671,-0.0872175134463,0.223527808464,0.0,427.8280520850126,427.195554236618,426.65408599282733,426.61241305424767
3.660000000000003,-8.543988846,-5.9107764319,20.9057097421,6.03050235458,0.59976546918,0.0,-8.42376777469,-4.99126760982,3.11280398827,-0.0694563750473,0.210973008365,0.0,424.04164665229416,423.0116442863876,422.81161418386085,424.33390907621174
3.720000000000003,-9.05725357622,-6.21338797652,21.0842303957,6.02634905292,0.612646735783,0.0,-8.68594211484,-5.09599397613,2.8368880195,-0.0688874150692,0.204462195852,0.0,415.69131529018466,415.1664394066516,414.66188872834084,414.70787468362994
3.780000000000003,-9.5888500264,-6.52319956915,21.2493096421,6.02231300346,0.624905455454,0.0,-9.03441627899,-5.23108173132,2.66375623094,-0.0664678199598,0.203862369414,0.0,459.5718580647088,459.56374830862563,460.05290194683033,460.2411989037499
3.840000000000003,-10.1406292998,-6.84081500753,21.4024770673,6.02109991145,0.644409091935,0.0,-9.35901622794,-5.35592508929,2.43975347381,-0.0859559196865,0.232225579065,0.0,444.2709682888088,446.6360616244622,445.9620731792129,444.3626633261672
3.900000000000003,-10.7107577351,-7.16545672746,21.5401511019,6.01595314964,0.658393768428,0.0,-9.64603432679,-5.46564111303,2.14796217619,-0.0855094928999,0.233777318184,0.0,422.72774071240923,422.9184528719431,422.2353289201391,422.26737373923726
3.960000000000003,-11.2991101449,-7.49699759856,21.6610645995,6.01349980372,0.677213878026,0.0,-9.96641027258,-5.58564559733,1.88043778781,-0.0687459162675,0.256589391739,0.0,437.0482989022386,439.00532873452823,436.2402979444873,437.6331331677138
4.020000000000002,-11.90513618,-7.83516390533,21.7635022144,6.01297213741,0.692624957181,0.0,-10.2354115363,-5.686644558,1.53294406807,-0.0491354402948,0.253562790103,0.0,407.8329869471827,407.63454951949683,407.0518154046376,408.8005607855509
4.080000000000001,-12.529735805,-8.1801190555,21.8474240963,6.01289904938,0.709414654526,0.0,-10.58514784,-5.81164922149,1.26222919401,-0.0689488061112,0.238556923294,0.0,446.1317001618354,444.96613986647696,447.36767569260337,445.7487053173584
4.14,-13.1748119236,-8.53234166378,21.913964769,6.0154011375,0.723794572796,0.0,-10.9180938295,-5.92894422596,0.953979364756,-0.0418980944736,0.240425184574,0.0,435.9104951487294,436.1249708022199,434.83500294333686,437.09348372365594
4.199999999999998,-13.8420515401,-8.89218073769,21.963854953,6.01482417597,0.738684805543,0.0,-11.3234348239,-6.06541571526,0.70624619612,-0.0278054304756,0.231659817815,0.0,467.871847425538,467.24191109862534,467.56967355836775,468.66613724384064
4.259999999999997,-14.5336890443,-9.26016285566,21.9983558774,6.01406996234,0.753587041638,0.0,-11.7312992342,-6.20038360708,0.440923545773,-0.0184635327329,0.219423733591,0.0,468.21472824470914,467.31009908408254,468.6653357683923,469.39109508991527
4.319999999999996,-15.2469919689,-9.63538740063,22.0134538858,6.01300714808,0.772676703548,0.0,-12.0460122135,-6.30702299046,0.0601273666649,-0.0170482771945,0.19153241289,0.0,427.04666633835103,424.7055557705293,424.6385797359506,424.76007540880744
4.379999999999995,-15.9809562477,-10.0174393182,22.0069030814,6.02093286721,0.786582898709,0.0,-12.4201141936,-6.42765681208,-0.280675400225,-0.0510397777226,0.207394282689,0.0,449.5657376167882,450.8869836315205,452.05623091373724,449.3073320690661
4.439999999999993,-16.7379228362,-10.4067808217,21.9798628685,6.01798889787,0.799021765454,0.0,-12.8122732326,-6.55032148916,-0.62337010315,-0.0482839565026,0.207124836897,0.0,457.96667647527886,457.9861004634462,455.6747661444872,455.893602238367
4.499999999999992,-17.5170069123,-10.8030879715,21.9303367586,6.02030298178,0.828029451857,0.0,-13.1571565098,-6.65951622939,-1.03083128766,-0.0745197727527,0.250544651187,0.0,434.0791289828809,437.75904204151027,437.351566636284,435.15749639160197
4.559999999999991,-18.3149098707,-11.2054372111,21.8540606552,6.01646013008,0.845780327702,0.0,-13.4401286309,-6.75221755411,-1.51384982935,-0.0669543055475,0.267443357961,0.0,407.09603832453394,408.678444048424,408.22914639838206,408.8995372869476
4.6199999999999894,-19.1313308409,-11.6136992012,21.7495815989,6.01479337241,0.861879394265,0.0,-13.7742101214,-6.85648356526,-1.97139194263,-0.0513171885404,0.263459417284,0.0,429.1632795860778,428.8990495243724,429.4224821089551,430.7446869631993
4.679999999999988,-19.9702626371,-12.0287548608,21.6190883077,6.01170987378,0.881398798642,0.0,-14.1895786917,-6.97841617609,-2.38223779211,-0.0515663645764,0.241118521886,0.0,462.85378158887414,461.1546374935582,463.6713567708212,463.65020204036546
4.739999999999987,-20.8327147535,-12.4507880553,21.4621611602,6.0102084223,0.897157014088,0.0,-14.5587842537,-7.08923229334,-2.85180321657,-0.0666427323966,0.227411873308,0.0,447.6682692607204,446.6065100971263,444.86234974525206,443.62328483997936
4.799999999999986,-21.7176565103,-12.8795157245,21.2766766227,6.01175373241,0.924758623809,0.0,-14.9382325414,-7.20122636873,-3.33523065947,-0.0936638473971,0.18526817953,0.0,452.60343499069495,449.2415041830863,451.6909878215067,449.50095519795434
4.859999999999984,-22.6252788597,-13.3149077147,21.0614397026,6.00817456807,0.939780111254,0.0,-15.3155201717,-7.3117486488,-3.84276903292,-0.110559110547,0.205748441147,0.0,450.9222222065722,452.6098044370319,452.99606389099137,451.62636555829596
4.919999999999983,-23.5547847813,-13.7567805876,20.8145706421,6.00160683531,0.956148660713,0.0,-15.667465343,-7.41730196585,-4.38973605452,-0.114815879686,0.182540752059,0.0,444.45015679621775,442.58146749047177,443.57668026645416,443.2156201168033
4.979999999999982,-24.5075856253,-14.2054191982,20.5356996188,6.00099276479,0.979070505461,0.0,-16.0909972988,-7.53687615162,-4.91065966597,-0.143483530782,0.219257357804,0.0,471.34955546566545,474.2146326935948,472.66222204323276,470.43335251721993
5.0399999999999805,-25.4867530733,-14.6613925286,20.225448617,5.99448404602,0.992250074698,0.0,-16.5465658088,-7.66204256308,-5.43554226476,-0.160605485239,0.220138873456,0.0,487.81594645433523,487.92479615698466,486.8998374476086,485.59765685265046
